ID,F20,F30,F40,F50,M20,M30,M40,M50
30001,0.08170172220427915,0.10234135886009646,0.06454090382366552,0.14131732404102665,0.10090007848716466,0.238098414558515,0.037724607573523194,0.2333755904517293
30002,0.028481024650862247,0.13430051289672168,0.35026064112123795,0.0344870248308525,0.0063095695128033745,0.04401167925249765,0.36058792146778385,0.04156162626724086
30003,0.6818501052899785,0.2036180634588212,0.03904365633528879,0.0128646779818089,0.015854436652342756,0.02751319605929946,0.006819778634308303,0.012436085588152323
30005,0.5782325124925974,0.09666786553786397,0.045587208966378016,0.07660816434996191,0.026285693228032057,0.1343817760886627,0.01180558217834924,0.030431197158154618
30007,0.9085289141884056,0.04303691076749,0.009666385549921374,0.005422723228441391,0.01642531957182134,0.010444285881042917,0.0030133559166256943,0.003462104896251732
30008,0.3872115257500055,0.3105470043998015,0.034476681181434876,0.0315566637458676,0.06534116757023367,0.1243250920649332,0.024358683292092984,0.022183181995630567
30009,0.5366839076992087,0.2187312127237039,0.07017325148230365,0.04691609890243787,0.023995184079985698,0.06693774646524654,0.022899646259357705,0.013662952387755932
30010,0.7313453400976124,0.10329768795585142,0.0672390384764278,0.02471760924929808,0.024632587378369417,0.023326076559186608,0.008070809229258543,0.01737085105399562
30011,0.08813680335666597,0.3625818382179419,0.024480280524536904,0.015551663392204396,0.03358845218632188,0.4384869296875827,0.02162825553691438,0.015545777097832095
30013,0.45384753947197354,0.3569751474627304,0.021539285376809734,0.016525245382076018,0.04306326173063806,0.08716576486555147,0.01192112256868329,0.008962633141537424
30014,0.718220999851325,0.040502519994072755,0.04469628796176757,0.020038262305371753,0.10509394091383183,0.0434660670689432,0.011647370012425605,0.016334551892262256
30015,0.6447773715541627,0.1410806406607621,0.0627777112117533,0.015416284138983324,0.03354791772897425,0.02878392812919204,0.0453637561106383,0.028252390465533996
30016,0.010576589107273765,0.03664358469203499,0.2636129366145074,0.37148190084782623,0.002670759699776162,0.015088481739528375,0.09443059886375074,0.2054951484353023
30021,0.1383095599810113,0.17970326478621398,0.2533002104423772,0.1388757584284345,0.020200433287967983,0.07301446879701601,0.09495301092538878,0.10164329335159028
30022,0.11882782390929608,0.10580707750446011,0.12628842864351084,0.41472306918990726,0.030145348905246696,0.06603365231146739,0.021534218229605044,0.11664038130650649
30024,0.1621728183164949,0.2043891021094305,0.10269672300923303,0.09032586834051802,0.05751138334564086,0.2461027218715678,0.06405939376235233,0.07274198924476245
30025,0.009621322543006527,0.019254627005854858,0.418712296261057,0.18297723800561955,0.004427127340809219,0.018093759815377166,0.11534728646307084,0.23156634256520472
30026,0.04187171294425667,0.6376559454208061,0.01970025002119851,0.007366891846245281,0.00849996053552059,0.25165359413192845,0.028794464612310017,0.004457180487734497
30031,0.004442836621035217,0.016444774342023426,0.421063687407799,0.2613723226249358,0.0018657092393885666,0.0071482509654030345,0.07696325967280296,0.2106991591266121
30032,0.00955245944140542,0.02080273156540857,0.5695476181100079,0.08252463923328768,0.0033191379172402007,0.010206995157341902,0.19700543126510545,0.10704098731020292
30033,0.04376613884006257,0.060194428301111054,0.17507481824752555,0.27226926660351497,0.009538685167763397,0.032196952591041786,0.10088212934980582,0.30607758089917486
30034,0.43417842890417463,0.2483254290424884,0.014467752735990679,0.018696263659140896,0.05145314773704489,0.2195691286126932,0.004623919034751722,0.008685930273715453
30035,0.07049318029481234,0.24411032714270298,0.1665534678201561,0.05498371327534429,0.014714627082791481,0.19058645428532273,0.20096225767966977,0.05759597241920023
30036,0.47570282968156874,0.1356894190987969,0.10344410910924523,0.048473492271811816,0.07941304421288098,0.09599512118727806,0.035936228003838944,0.02534575643457954
30037,0.17924811751852654,0.27221279283099525,0.10925288318136193,0.022368492178951576,0.040298440588889164,0.25171081679388174,0.09498853231451594,0.029919924592877747
30039,0.5318461315871768,0.28713909615606187,0.0084961836302266,0.010732214395233523,0.03351497205997557,0.11354196749524277,0.00653991123387101,0.008189523442211844
30040,0.7568736867522432,0.11293689594505137,0.02345999441843035,0.01701401831664613,0.03473265433526855,0.03498505159335052,0.008581708401828,0.011415990237181924
30041,0.03164255973122336,0.05221245823031927,0.25984419233031314,0.10682875317808731,0.009192979432767973,0.03145372143315766,0.25803050834339614,0.25079482732073516
30042,0.42555051324274695,0.29342537794424356,0.04401355666336985,0.023581359280408408,0.08620026516051978,0.08881411333812919,0.024594973544642604,0.013819840825939725
30043,0.35990540357765977,0.23125408713158233,0.11295083336359317,0.0798011898617031,0.030901565667063546,0.07433094299293079,0.03800638180814124,0.07284959559732597
30045,0.6436090779018654,0.2159650578018386,0.02616816596954665,0.019715867906945014,0.030472905940910785,0.03410193539510819,0.011128886131614432,0.01883810295217084
30047,0.021979313646121768,0.21758825086510317,0.27165796611713844,0.027334493439989834,0.004021249007249317,0.09520490079264357,0.32985184021545355,0.03236198591630047
30048,0.1356221503083797,0.38439062003524116,0.010978645024658227,0.020616071198063034,0.03318781264386055,0.3908091133889806,0.011276580054721184,0.013119007346095668
30050,0.12002247833359087,0.4358161959631025,0.06613283195446713,0.03146751543956595,0.028155465227720142,0.20791584406365507,0.07168722551206823,0.03880244350583007
30051,0.384473050031195,0.1133460828436705,0.1069916622900653,0.1496335167358923,0.046626779531130515,0.04123065889930832,0.028812600430027976,0.12888564923870985
30053,0.709463631150167,0.09062291526684732,0.016120222168902673,0.021120808287552344,0.06827909323308824,0.075566605155191,0.006752526706553077,0.012074198031698248
30054,0.19118394315111018,0.40330542139877396,0.01722212255049483,0.02157942507142564,0.03881922560232963,0.2981500241225563,0.013821647032468392,0.01591819107084102
30055,0.3697950330958405,0.26483374381136815,0.013369591126664946,0.009446419244729382,0.03105524440511493,0.2723047915484562,0.024671087960916643,0.014524088806909117
30057,0.17659732854761623,0.1896773975360574,0.18283971290685827,0.10707977489272123,0.06121744842715969,0.11355828754490575,0.05751898832651095,0.11151106181817046
30058,0.055933230123595426,0.1757601585510004,0.3047164421971992,0.058501537009685904,0.01113570367893735,0.04728930548547146,0.2533866012675756,0.09327702168653466
30060,0.44412941061164873,0.21787633680238966,0.048942369952973366,0.018047955202127965,0.09617735484889417,0.12925118882754155,0.027878120116683263,0.01769726363774114
30061,0.2679656632268582,0.2300991505561621,0.18915961204499393,0.15645202278522435,0.017214382873397056,0.06987500927161354,0.015539621239729892,0.053694538002021
30062,0.028752103291863028,0.05312191017405603,0.04077909639246811,0.4201083382325677,0.01443239225809811,0.06109840771522046,0.03376604544119441,0.3479417064945323
30063,0.7436425290422671,0.04130626212877871,0.01491375806915428,0.011661373546831657,0.07993642453711904,0.05518111082407979,0.008574760634541309,0.04478378121722802
30064,0.11469542416424519,0.2757745485542234,0.20828970623674736,0.11087076812637382,0.045783323025774834,0.09361291881113218,0.09110136980707646,0.059871941274426646
30065,0.3529312404634456,0.2140451986671517,0.07908410922165998,0.08875938749363219,0.04725112551382575,0.1461538557923448,0.025017270587272284,0.04675781226066766
30066,0.39500338064839785,0.198248860674503,0.1824244781413831,0.04465885904430506,0.0372794996288108,0.06211994611139703,0.061239907075818625,0.019025068675384362
30068,0.37339896524429766,0.182791342686298,0.01205791233632822,0.009265189841172864,0.10435194602288196,0.2892111417372029,0.014233529632056475,0.01468997249976178
30070,0.08259441721601175,0.2822548642328838,0.1962707519361175,0.1882948439454219,0.01865099985516779,0.07185213595853351,0.08480924180295066,0.0752727450529131
30071,0.7944445684772848,0.0673790056190531,0.005332759999604303,0.0034926113206138008,0.03534694120705027,0.07870442834316577,0.006476363363637894,0.008823321669589658
30072,0.11389676864132921,0.4083486784157675,0.01123131168847332,0.018881569284545565,0.051913076265713,0.3747636654702707,0.011260221978371947,0.009704708255528674
30074,0.906902752816227,0.04073376356184821,0.013888489736788358,0.011087171159240716,0.011300089783237632,0.007064921404078734,0.0024218685794119036,0.006600942959167447
30075,0.11871825137505645,0.4208844385043521,0.10531486510105555,0.05045533085697559,0.017646942230978218,0.11853127343855041,0.13293365247714858,0.03551524601588321
30077,0.08434204035592816,0.09170515337167273,0.360681751844102,0.08214934463370949,0.028348244625990993,0.05836542278386266,0.18815096019369307,0.10625708219104082
30079,0.013331287869238272,0.017784518884088805,0.38767134233980766,0.19338684442861376,0.006345872834938573,0.0184941366570658,0.14025513261427247,0.2227308643719747
30081,0.2583217268673965,0.1659227153549113,0.14162198440746818,0.22545619012237791,0.014055933661725485,0.031324013295782216,0.034354674394308206,0.12894276189603013
30082,0.35465119676271656,0.3741222115883423,0.0856159391746173,0.03997776452301987,0.019356132738368805,0.09109002745004505,0.015200351357742906,0.019986376405146968
30083,0.18030595273723027,0.31659045986004,0.08311935842276266,0.07014223615527333,0.031338146565538974,0.2233498835420713,0.03555937832421392,0.059594584392869555
30084,0.6222264331855749,0.1667801954978728,0.07550548519861859,0.04035631962194255,0.02545507538869801,0.033461601108676874,0.012862155961815317,0.023352734036800885
30085,0.009529730692434497,0.031008803439572474,0.3379025172496289,0.27414246095961226,0.003548163765145884,0.007359000031327497,0.08375069957625311,0.25275862428602536
30088,0.23391178521744635,0.1498611883428559,0.20123433567614196,0.04010486788832796,0.08441429429201029,0.2497203354965115,0.022867131366854275,0.01788606171985172
30089,0.8013282608354425,0.11670642130833779,0.018147056079625707,0.013965391395198664,0.018414855157055997,0.019254408712106257,0.004798259902082791,0.007385346610150496
30090,0.7012747463595013,0.1399827854096611,0.04628242044512323,0.02816733033549158,0.023094234207919482,0.02943637952545092,0.010843526195203705,0.02091857752164872
30091,0.14158161293125027,0.6310754476962944,0.06887327655971076,0.017902242651962524,0.0063397219542323845,0.07339627080970139,0.041324155014606075,0.01950727238224224
30092,0.4494461764233254,0.24715008470291577,0.005776676652216412,0.012777237176512002,0.10620177200290645,0.16841447586542996,0.005034041862321593,0.005199535314372244
30093,0.8041597048954676,0.07274689555443467,0.03169643883886713,0.009873400306793059,0.03205359623078688,0.02609252399813519,0.0066296505394223895,0.016747789636092882
30094,0.675027742850229,0.07772539261633382,0.045518872462449275,0.02340170286341847,0.07183863774440992,0.06147156113459558,0.022140553252059696,0.02287553707650407
30098,0.7775222715604917,0.054099658351736524,0.023853962454120362,0.012338063776576818,0.08392257662442595,0.03032905516653542,0.006645519003252852,0.011288893062860735
30099,0.36423033138346794,0.2965257351757984,0.011201384503918322,0.01160503050152118,0.04231145482906811,0.25855757690033315,0.008354550949518647,0.007213935756374297
30100,0.7981995326884049,0.07067565722064899,0.018263081418941944,0.014701237550022485,0.05109580201300382,0.03578417577917849,0.004157463614276062,0.007123049715523197
30101,0.06365701207091096,0.48347143312130564,0.05434996128984067,0.012980069008063984,0.013464617910037145,0.3104683050061173,0.05008192167292621,0.011526679920798113
30103,0.7329707107870412,0.12107583763333057,0.0375748704134074,0.029798731731645198,0.03534109220145218,0.023201854063476624,0.009713552220126487,0.010323350949520442
30104,0.317218685017182,0.14849649212014898,0.07939254042973357,0.14405581658018884,0.06249211539225958,0.1087065725897941,0.02142066089582564,0.11821711697486706
30105,0.05335483014830716,0.23416827529972045,0.226287597946673,0.1569009335608892,0.01035151542425552,0.0657977795222794,0.11775350571614877,0.13538556238172655
30106,0.4629576814777663,0.23906249358780504,0.01046530809171427,0.013960631913831298,0.061770862883100464,0.2001688241246756,0.006539722925847923,0.005074474995258951
30108,0.07138605262010972,0.1120618022484431,0.31955720930066667,0.06940964160567643,0.01793773655080258,0.05281071918262943,0.2328805272145662,0.1239563112771059
30110,0.041132878345233055,0.06006868608656617,0.16898009918293014,0.26179438490144635,0.01521251322081306,0.04031866384504837,0.09977445249104569,0.3127183219269171
30111,0.3449177549696107,0.36864876208092384,0.06550454945352086,0.029672534347878393,0.047938433385699655,0.0905061588562799,0.027439169245972093,0.025372637660114564
30112,0.20018380453474166,0.5260166988285888,0.07267477736973749,0.02589708491225548,0.0337939792297046,0.0868894316101848,0.03661656365154252,0.01792765986324468
30113,0.798982848894598,0.1185953962047976,0.008222034229332773,0.008439983948543959,0.028221742524832404,0.02817679537523168,0.002853237677448985,0.00650796114521463
30114,0.886391648398891,0.04279385678986242,0.014465230988810552,0.012006472100138466,0.026396021928192365,0.010646780660107146,0.0018428793067945355,0.005457109827203508
30115,0.664715887495853,0.1689846626864913,0.015496043799383278,0.015630192440694777,0.05561405670252302,0.06984310448893515,0.004994006642163119,0.004722045743956365
30116,0.11728912796854918,0.22807717225986457,0.24514494116987368,0.1413152302351582,0.03385800682254112,0.07574930483916578,0.07586347722007256,0.0827027394847748
30117,0.5067840661179722,0.25765739965590845,0.042917069557950216,0.024440417298846242,0.06310172991025298,0.08286897414099914,0.008906141361679538,0.013324201956391071
30118,0.06543106186894825,0.28778333112675675,0.017482462390514784,0.0283579774469588,0.06632789015901597,0.47981128467944445,0.020714505512165977,0.03409148681619504
30119,0.08084691430588048,0.09839097139940141,0.016630295886000315,0.008109253457034483,0.10445078221872105,0.5639052676067108,0.08657777541452953,0.04108873971172197
30121,0.18205360075467497,0.22311264439224696,0.10381202808679667,0.17103532736593421,0.03876283280540606,0.12938296167806557,0.036322273291627516,0.11551833162524806
30122,0.03689829308339852,0.5837429745800645,0.06625294483031993,0.008705964425765565,0.0038166913387406346,0.15971073742522812,0.12804396528134987,0.012828429035132757
30123,0.6340680052186878,0.20009318722863748,0.03202221227676366,0.021730972711440692,0.044765038888974304,0.04911426000622752,0.008964169211433769,0.009242154457834809
30125,0.8926257416150614,0.04387928187201799,0.009019879008195009,0.009842469985504032,0.02516972842921561,0.012538434638695441,0.002120822159613686,0.004803642291696654
30128,0.20338299563272125,0.14428358276768338,0.28510063946775155,0.11899020170285256,0.03672807993014666,0.11300428222706195,0.054153227467999034,0.044356990803783566
30129,0.574190911362298,0.16421288063903103,0.11822761574711935,0.042858043808764616,0.015846699838602353,0.036920748259070456,0.01649705168920118,0.03124604865591293
30132,0.3379450531608023,0.20107445526167728,0.14972914539090887,0.1167871637802605,0.043409574626395483,0.06467299068877319,0.028161338998479876,0.058220278092702464
30133,0.8092631581864441,0.09470614763966052,0.026783610320227975,0.016410524950980186,0.01753446353044514,0.014735802109849568,0.010304533716750275,0.010261759545642103
30135,0.09878212563256403,0.49413202557273717,0.1579369050249742,0.025781487662734793,0.011202284518706642,0.0906676118992595,0.09986043733401977,0.02163712235500389
30136,0.5917182435300706,0.17332087252727613,0.04223374115780088,0.023905261931037775,0.04653781457052948,0.08348684373423308,0.019668348264874416,0.019128874284177515
30138,0.2192770038666565,0.21791119912577,0.034044067776112207,0.0302238049881334,0.1276932953874901,0.3171509388282934,0.03351677068044953,0.020182919347094833
30139,0.1737452449454669,0.5723196237408559,0.022514614723340466,0.0289422528845923,0.019276006113090275,0.14657213600308078,0.023113358579430067,0.013516763010143295
30140,0.7731434365398643,0.03515369942491725,0.07299805944518217,0.014895949326066268,0.04150096972362058,0.017911862545317292,0.028671177477630438,0.01572484551740178
30141,0.05249639325498076,0.4309918476101875,0.05153721223518467,0.12254525659906089,0.014700457878279258,0.22949228186921675,0.039730208047551285,0.058506342505538766
30143,0.22316755754748993,0.08351959257083498,0.46109888383223985,0.043066625103738224,0.01003778954432222,0.021301442836276566,0.08849717151219767,0.06931093705290056
30144,0.044800706257860874,0.6403621503391927,0.022581019995257495,0.013890403297103142,0.007980371004727671,0.24745016229414332,0.016990512458467555,0.005944674353247224
30147,0.6940879510831636,0.0817109488348739,0.026530989872204647,0.015127907317697182,0.10132180335467887,0.04573594513970316,0.018898048140034967,0.016586406257643783
30149,0.4346965105769414,0.2524712845373121,0.048527911135380145,0.017995784682769397,0.08614881738920889,0.11106069238736214,0.030360220508593935,0.018738778782431888
30151,0.6146945552519426,0.227546982055107,0.011820760341474975,0.028500291691914714,0.03028818155841339,0.06546414893687665,0.006514101246730726,0.015170978917540089
30152,0.01758838685976259,0.589522866954676,0.04828090410727339,0.014619903287572929,0.006102182646203101,0.24257384734667378,0.07295451327096981,0.008357395526868502
30153,0.3269467793083346,0.3684119164588908,0.01539023689781322,0.03212379463393408,0.02527982740940343,0.20840844000333142,0.00854218773525726,0.014896817553035263
30154,0.05155786703840781,0.0854402416089082,0.41650619843071723,0.1872421555465907,0.006262427074165805,0.030151622490558694,0.08617831924194828,0.13666116856870314
30155,0.7283143692013733,0.08693949995506284,0.013016393433938313,0.011257686802100096,0.052185297404410774,0.09682211268477076,0.0041325185569925085,0.007332121961351665
30156,0.009321838073857757,0.04556494204259075,0.33468104334906945,0.19239679203192106,0.003534119023544465,0.0187852445143688,0.13620854910169802,0.25950747186294976
30157,0.1810715347510304,0.334955660825601,0.04331287333231343,0.05060896232193723,0.06518729625526118,0.25226833089318185,0.024344387576096794,0.04825095404457816
30158,0.3647413418122856,0.24911616288248917,0.01507681253728204,0.0193226624767224,0.10219968487959222,0.23078254901433978,0.0077491501053837605,0.011011636291905016
30159,0.46092932570104833,0.2067117113252473,0.08757533887191551,0.04610631116244533,0.03986277559566321,0.08806391686065271,0.03239058013599261,0.03836004034703498
30160,0.14255336926321324,0.11241900424396235,0.07357352509379735,0.03673374684016429,0.19961081728183802,0.34035467818707976,0.06282083215575802,0.031934026934187044
30161,0.4756787038658841,0.3367691504032251,0.04040557797522419,0.039336754393212534,0.016028622213739064,0.06506614761817979,0.009955576707578203,0.016759466822957213
30162,0.11078935607569174,0.5231036899106078,0.04760868956523594,0.04385614189006958,0.03139124799666511,0.20333836870698008,0.022943874778608715,0.016968631076140894
30163,0.6097724666595336,0.25594449696882365,0.04089608218372722,0.02012022972824384,0.019788013383459018,0.03157209703765208,0.013349939680925684,0.008556674357634741
30164,0.5616136631499579,0.22566373858701874,0.04093239776858796,0.022400703856762974,0.06227271901043476,0.04315005559301226,0.013967294218362753,0.02999942781586265
30165,0.2533877459015789,0.20736137880608108,0.05780577132263682,0.03211187861111442,0.16772584187103132,0.22377897410032735,0.03488361656773553,0.022944792819494592
30167,0.5335990970364856,0.24148946035828567,0.06120745729496853,0.03662453976780613,0.04644103654311151,0.05165114409270476,0.012982007395783224,0.01600525751085442
30168,0.2617648249192656,0.5220474655018057,0.01609489930955582,0.011716318378978186,0.02009415058240442,0.15158082556432476,0.00989652718090374,0.006804988562761645
30169,0.006291522087069571,0.02139374568618669,0.2570749617988535,0.42309514311888663,0.00296202130647831,0.010504485154655371,0.0753587707600479,0.203319350087822
30170,0.5270783900796124,0.17332519624096981,0.07450522913233634,0.06742749117744186,0.01719166031000298,0.040972254356416535,0.03394905239936891,0.06555072630385124
30171,0.7338202529774864,0.15200930892597433,0.03687122815141569,0.01947966934879322,0.023992760416882496,0.019522134124065175,0.005254527002185097,0.009050119053197652
30172,0.19758268297597595,0.2511253413448345,0.23515944241629255,0.10011362117442255,0.018222510077761624,0.07550520866938809,0.07597976654443005,0.04631142679689464
30174,0.44292347350282935,0.09560053947683986,0.09564115342683098,0.0435126490148358,0.050911367801792444,0.0482966528235174,0.05891924748378016,0.16419491646957396
30175,0.057475652832367864,0.11365332831346203,0.3533002345445871,0.09114380911551166,0.02034345915448559,0.044687835262126344,0.1638742506009051,0.15552143017655432
30176,0.6660888551789279,0.11647956552965556,0.03376861673646179,0.023984084725569985,0.07469915808750016,0.07037460026180276,0.008478605444815839,0.006126514035265765
30177,0.8231845687310951,0.08791599147418715,0.01392852065247728,0.012034815850991582,0.020510991046911432,0.024915082420480916,0.006797139851086833,0.010712889972769911
30179,0.07951152949870594,0.22182771206877197,0.2696925245177078,0.06629269146856549,0.01591985403641914,0.05846409201729955,0.18347849112921696,0.10481310526331306
30180,0.5746742870107768,0.13485048580090053,0.0650491673008546,0.04006156573803637,0.048610531252706105,0.06730761687641602,0.024327702073454645,0.045118643946854706
30181,0.6757801720569254,0.08904009550100402,0.08174534384062264,0.03599605827294281,0.027784364034505193,0.02629184862123471,0.018042043933992374,0.04532007373877293
30182,0.32083156913447874,0.16453036062969664,0.0998860871847995,0.025956438809347736,0.08285636996617939,0.16831565123575734,0.11625119044694172,0.021372332592798915
30183,0.1869269631444182,0.2213624386858108,0.12797719154035642,0.10511895198447145,0.07212184290121548,0.11734455954673224,0.08197590430716538,0.08717214788982999
30185,0.6843010860011071,0.14401382313702962,0.04126889804194182,0.019316157316535583,0.0416491270015004,0.035932970628633744,0.017689776169059937,0.015828161704191854
30186,0.057824825253948074,0.31311729369275604,0.02913763350806705,0.05836771772430917,0.02638754215077217,0.419547167252729,0.05198631945863174,0.04363150095878687
30188,0.011214944889715051,0.03931084179058843,0.27249605874900173,0.11893169659262698,0.005667384481199655,0.019325495556412633,0.22838782856672055,0.304665749373735
30190,0.25064591306976736,0.19900431869866608,0.03429554345251246,0.041772655634964684,0.14413257723195577,0.27572249409045846,0.023609569211903044,0.030816928609772153
30191,0.4726574162274781,0.16417446048164705,0.13765095797521346,0.03889537505290163,0.028153975483786387,0.052916919940683996,0.058625785188541536,0.04692510964974783
30192,0.3556600601278152,0.3303823745494842,0.07046514567211426,0.05355427423012971,0.027006449889133245,0.08804717905466687,0.038400249959957736,0.03648426651669881
30193,0.6876870571241659,0.2065674045601807,0.004463159991447296,0.007635687054761978,0.02084510995346839,0.06718158108492221,0.002337486417242653,0.0032825138138110094
30196,0.16458928423098684,0.5579858330671177,0.03289134192283925,0.023955749150559914,0.025661854161387995,0.15928295868569708,0.017178824073443334,0.018454154707967862
30197,0.6661870240815404,0.1407594861900796,0.04087741891066184,0.02617174554549069,0.028722980387863244,0.044551996849666854,0.019177957067581554,0.033551390967115735
30199,0.5517385875150081,0.2868938807049991,0.014359146693922225,0.01309393408733772,0.03019311261041974,0.08940582050028499,0.006788884907598937,0.0075266329804291755
30201,0.23680349630796238,0.11986670690999747,0.17936293869793357,0.2026916891231355,0.04837956812453352,0.08400480978476815,0.05469719604124493,0.07419359501042454
30204,0.7906876185063205,0.08674153444047754,0.021893825889408105,0.01553227316979825,0.029077938184319585,0.03337573247469945,0.006106384424303546,0.016584692910673018
30206,0.5816484198994684,0.16238876218679596,0.028229964104152613,0.041898584970652686,0.05688762125627907,0.08019904661238564,0.013011924615008474,0.03573567635525736
30207,0.06255193332339397,0.5951020378529959,0.03273862756770729,0.019967399423280248,0.023978313889681996,0.21520573935988294,0.0411825034073796,0.009273445175677962
30210,0.2316740145696272,0.19398143687803146,0.14187298547308425,0.100132842708323,0.06315133264834903,0.11602375742969698,0.05927607597855859,0.09388755431432945
30211,0.34312451249802367,0.2703895112714471,0.008036437874639979,0.010771007497573327,0.06005024788922129,0.298884539015505,0.003994797516869874,0.00474894643671984
30213,0.19238067687213425,0.30596304683205344,0.07983315050674666,0.06075585897730622,0.06750685102646493,0.20243111864950877,0.04963539651966524,0.04149390061612042
30214,0.11142574598230473,0.041837830384186994,0.06510398628716534,0.04906041243602041,0.12452855779807673,0.16423299434680808,0.10304732826977916,0.34076314449565853
30215,0.07724587195220502,0.05923319797875786,0.20184408720792135,0.26263468849134786,0.03038922664173468,0.048250161631371045,0.096323562004962,0.22407920409170004
30216,0.3595075641728463,0.2561135228156177,0.0918564362779355,0.05099233268467462,0.05596118536600059,0.07885278474831278,0.08264368583971787,0.024072488094894713
30218,0.12445493689626067,0.08672687655249084,0.34400684652871316,0.10443827783443066,0.020448833574585063,0.038690661950990406,0.14133385395077921,0.13989971271174986
30223,0.03077441078535122,0.43669375566967017,0.016331448955311096,0.01772437832094912,0.007938601401373898,0.4511983626324807,0.031171458378089004,0.008167583856775035
30225,0.41226075880436464,0.19067371132463012,0.06296060306930473,0.0791965960836782,0.06499169447531855,0.06385040732259414,0.026044927724703928,0.10002130119540575
30227,0.6536338103155932,0.15240870259966136,0.04114785618998464,0.04048026378865412,0.045486187685618865,0.030595128208289756,0.012475185309780774,0.023772865902417294
30228,0.8448367289218075,0.045203723529640125,0.018888776047561194,0.009206394214271729,0.02792079369345449,0.031114417086098606,0.005606978514695495,0.01722218799247087
30229,0.017154549540510794,0.03110489771542327,0.493654885265328,0.040927959832192315,0.005099675232700034,0.011982344509599943,0.33189686472077246,0.0681788231834732
30230,0.5396710435530258,0.19997510331559615,0.07898031993023373,0.039806829655362516,0.0405592813672986,0.047123539639947816,0.020043087683139508,0.033840794855395886
30231,0.5119275167805746,0.2392988706268319,0.025976141394135146,0.01851885999037123,0.06144776787674028,0.11870719888302395,0.008978400105564987,0.015145244342757859
30232,0.9279106039210548,0.03513238210104444,0.011673802879093795,0.005251856013134915,0.005562414279916211,0.0051373648755290505,0.002364079764776859,0.00696749616544981
30234,0.20811254107421318,0.46185160307356643,0.07461419256240802,0.03775627855991725,0.03518134391734367,0.09521254115791694,0.06224913710732524,0.025022362547309187
30235,0.15750403973472044,0.04721610545203519,0.21753952541947622,0.08086954436298731,0.18142815243035726,0.08714090980147828,0.07765215402154811,0.15064956877739724
30238,0.20100492066928832,0.4700748604773629,0.029531987108398893,0.03562911634769588,0.029444307644812377,0.18945604858303505,0.01662073116391051,0.02823802800549615
30239,0.35982815605704743,0.16293939501963325,0.17832104896857223,0.05753288911088922,0.047477035379821154,0.06516977415939079,0.08670156536145616,0.04203013594318974
30240,0.024524586850032688,0.1797605640544172,0.04188186847232821,0.010192968738884632,0.023319567196458394,0.4571774841390558,0.23703637402952552,0.026106586519297502
30241,0.3676214253236437,0.17366451140009972,0.17952360320968977,0.06566210468094771,0.021354339758892414,0.04932881047239959,0.04774672814841691,0.09509847700591019
30243,0.010691183849120716,0.026936612072540694,0.6322713429031275,0.05345178861541806,0.00219479875930724,0.008338925433302065,0.18254144032111097,0.08357390804607254
30244,0.6323713628621979,0.16931206308384372,0.03625100545844027,0.027670152294090457,0.034719675894693984,0.063317527728665,0.013300144939990462,0.023058067738078204
30245,0.7932415647393734,0.1493970835016278,0.011494879183369418,0.006959541872063027,0.007319658479221682,0.02140192073250764,0.0048379380583438115,0.005347413433493291
30247,0.45363548192843545,0.17739354844644098,0.002885120896316042,0.005612389472733872,0.08567936039368652,0.2644117775380707,0.005472553110305906,0.004909768214010445
30248,0.8682332553281307,0.06714116743323627,0.009928634236449794,0.00482225701661658,0.02532491860048077,0.016179967016122704,0.002612644915252072,0.005757155453711201
30249,0.022883648725577153,0.07188948281056744,0.23826149277041933,0.2230866346995776,0.007893461574034352,0.03439655281557399,0.09951078347350319,0.30207794313074704
30250,0.07527981066577474,0.5650896723839642,0.022225970743329923,0.019504344372914584,0.015612313411122791,0.26327346985386646,0.029041278002751306,0.009973140566275969
30251,0.5839891874559545,0.18158064472563787,0.0864686499931879,0.056775204824546496,0.020413837465453902,0.02831288297517405,0.01905443299655331,0.023405159563492
30253,0.4503988757412292,0.23859981486479892,0.1037544227397159,0.03956617851989994,0.03194594723841559,0.0577666925703809,0.036027550049267276,0.04194051827629218
30255,0.017359909714896045,0.02218792173225445,0.22003893615997516,0.31446770202172736,0.01619912437296738,0.02061786635465412,0.062493730766207144,0.3266348088773182
30258,0.7035143978931964,0.15868812995472217,0.02540146871363826,0.021766606583816402,0.031172375770468285,0.04265223049418436,0.006582338371672395,0.010222452218301667
30260,0.015452418047763723,0.017622382473017655,0.34820704312969925,0.2770184875078496,0.0041459508662665,0.007087676004486303,0.06248456836903102,0.2679814736018859
30262,0.4329978422243807,0.16816178793955083,0.0918343760696008,0.036638750627641214,0.07448848790187508,0.13504834626923287,0.0329595372414048,0.027870871726313775
30263,0.23794199669754842,0.13603001912895807,0.08655612244198166,0.17237644467626528,0.07911221595237199,0.1393081815967464,0.04082721443560209,0.10784780507052599
30264,0.018411876364987954,0.356947469605186,0.06767131726902524,0.02524910686195666,0.008476553969699365,0.33475455450454555,0.16997371192003619,0.018515409504563245
30265,0.19968084904716268,0.2009253246585611,0.29858189224654297,0.06868298248065827,0.015276970877102178,0.06304135864208808,0.1091901180920708,0.044620503955813774
30266,0.4459164598769734,0.3082162104341487,0.028570489558087407,0.024740814361336797,0.09954222701679004,0.06911652956361575,0.010856791721215214,0.013040477467832606
30268,0.6718927650141147,0.14645473678134083,0.053174285096284135,0.021328518471157926,0.03961159960702709,0.038384727166997756,0.010148352825384363,0.01900501503769312
30269,0.6976622596092801,0.08345187627888151,0.06478148260324272,0.04311959245173309,0.02571131588278618,0.029601555912599213,0.020640314665338493,0.03503160259613862
30270,0.500216926105557,0.26006423664920086,0.0541566690323964,0.027946997842800397,0.033544380630811735,0.06841628319726027,0.023429958365798146,0.03222454817617514
30271,0.610952913971673,0.17389282255381752,0.07869383609998008,0.024178167277811007,0.014101604535860197,0.028744119568516652,0.04067512792205164,0.02876140807028976
30272,0.7811991942552091,0.12363989840744141,0.010586564851557154,0.0095396304250578,0.017561480339705688,0.04762655458346803,0.0036566141964633073,0.006190062941097424
30275,0.21318225091188117,0.20359348987101095,0.1860311937179005,0.1465182057008787,0.025658093597852927,0.08024865156188399,0.05000669961097957,0.09476141502761205
30276,0.3901026847609386,0.38993048838341327,0.06165190388889933,0.05519584889563094,0.019561170976439612,0.04922054657522193,0.013031283719766982,0.021306072799689466
30277,0.40579032623934147,0.10927764155218665,0.027563441182988428,0.04184861633705711,0.23808869930466034,0.1450795944428702,0.011165459957406374,0.021186220983489476
30278,0.35226837639634984,0.26107094141115683,0.027754550615701645,0.052789223602534414,0.07752556227012954,0.19339562947450192,0.01986735474323046,0.015328361486395251
30279,0.41940559707012065,0.07942459551815549,0.17641338996829745,0.07765212919957926,0.05139498484292441,0.04183837142917553,0.038584095470449525,0.11528683650129762
30280,0.39223916103398565,0.2988937877150554,0.030767347527161024,0.020551943105450853,0.048484351428171445,0.18393512832711942,0.012987822052715564,0.012140458810340636
30281,0.011282210895163,0.02085435829764325,0.44254375565915866,0.17361899445289983,0.007532869049691526,0.029082602662546156,0.11577193024166162,0.19931327874123583
30283,0.6400020636978732,0.1818306121207125,0.04694350286384201,0.026407379440195257,0.03332022257452446,0.025753034338070174,0.022106016287582186,0.0236371686772006
30284,0.03542843089642378,0.1416945423325879,0.4388663703369521,0.1149794948759071,0.013655013244591698,0.03750077725197175,0.13560241836275755,0.08227295269880812
30285,0.1444920023670361,0.09258665163271719,0.34000056041981697,0.06585957859944877,0.05213463757844431,0.06251962244354031,0.17733817878866426,0.06506876817033214
30286,0.386848339881178,0.11888660527950053,0.044993013428395554,0.032731531921349845,0.21809925050079307,0.125311122382871,0.029395789239700175,0.04373434736621178
30287,0.8159271459479498,0.09187143330569889,0.019825212665192247,0.013549319549602422,0.027603552670911816,0.019701565336984653,0.0031154331506276552,0.008406337373032575
30288,0.536492127956135,0.12340679752595231,0.04347421168055366,0.042407714308204385,0.10088678384132754,0.11326351598587342,0.016103640300134964,0.023965208401818715
30289,0.6638998849191019,0.23231078584014284,0.008467756534501195,0.008589409649646275,0.022305421316990183,0.05243328054774363,0.0055383666641079165,0.006455094527765928
30290,0.6142375955383905,0.137299307214738,0.06968506111942377,0.028370338066100308,0.060920653546925045,0.05338822410580647,0.023011255506784675,0.013087564901831213
30292,0.07314723597259273,0.4721230861376409,0.06106084666312887,0.037260775602903695,0.024101974191063493,0.26397079273025337,0.04174870239187518,0.026586586310541636
30293,0.6993372062678447,0.17669290631790532,0.03758104997210958,0.018376492438360984,0.024280766249191982,0.021443151242951954,0.00913899539363106,0.013149432118004517
30294,0.1542287805164463,0.1831461679018894,0.1946593267898091,0.1524789815159285,0.03510044457523884,0.11454809999096577,0.08981905960238537,0.07601913910733653
30296,0.6189588568023382,0.059869911608955224,0.06161059875041304,0.028796978779922645,0.13149197800035206,0.04824695130000349,0.016418612130098285,0.03460611262791714
30297,0.14539954682911627,0.08090236709847307,0.008666217656567337,0.02847976710486997,0.2668283007114345,0.39904274791358585,0.016105328984639775,0.05457572370131342
30298,0.3711524874377447,0.20169746476518194,0.07216052910704333,0.06093197695036984,0.09957370383834424,0.10651395208217722,0.03059426051468432,0.05737562530445439
30300,0.22268015025327817,0.4481296841289799,0.016657271741265096,0.016611144314409305,0.019459892679444566,0.2498635928480015,0.014268749640909911,0.012329514393711423
30301,0.8057165592402888,0.05395856809427172,0.010151583259930172,0.007279132538187987,0.047524980333691416,0.04491851767623836,0.006452274681987758,0.023998384175403835
30302,0.02352420075791115,0.4619201946054727,0.16334801387659334,0.06613536927184419,0.007027080117773733,0.13554148693738127,0.11023170642422911,0.032271948008794495
30303,0.8665794461616722,0.06915645996949879,0.018123404176575354,0.010041257457316998,0.009966020547398946,0.009986537991141419,0.003575940245349337,0.012570933451046772
30306,0.012264801679353636,0.31148791534508047,0.15326775305094634,0.016816379728432335,0.003936961123565895,0.1297266454287111,0.3429998187593073,0.029499724884603
30307,0.06427516088337488,0.08498523913517199,0.24371710419762763,0.39348401884629697,0.00981745208526158,0.05127992322509805,0.04339154886092959,0.10904955276623923
30308,0.83786326671463,0.05676335058257481,0.02128023360249788,0.00961816132418187,0.044447800006888326,0.014414071238373254,0.004612168577174558,0.011000947953679402
30309,0.31713022187138756,0.2432721721013253,0.18747018965996942,0.06699653589968065,0.019208435617315778,0.03567793500851684,0.07223167374340857,0.05801283609839601
30310,0.30810803084932364,0.18549570565576956,0.07416820362141245,0.03491286037062683,0.024295435793009613,0.279160727550939,0.021614039166501255,0.07224499699241756
30311,0.23832444197033298,0.20194198324847834,0.21238014269263786,0.07663408590327211,0.03356642202080247,0.10098344589320392,0.10532993521056214,0.030839543060710288
30312,0.5206162819052477,0.32987343908653954,0.05199832091155303,0.02943441646104553,0.009825975203832167,0.027877044239700787,0.010552323254216794,0.01982219893786436
30313,0.05612435256818062,0.17825069648482358,0.3169912850909548,0.10700637236792421,0.011159332005720187,0.04484841019829155,0.18945721056616938,0.09616234071793575
30314,0.2737892472798355,0.24102278359553592,0.01478639560867581,0.041936306010368775,0.061187956363005766,0.32454199631496855,0.018775311619640567,0.02396000320796906
30315,0.7434386574363167,0.13298223045347868,0.031148863869457144,0.021410481299643437,0.025478429488928436,0.021003085249452318,0.010804297265113824,0.01373395493760975
30316,0.4741954787618635,0.2093001004372383,0.12399215745707381,0.05957688805061428,0.021720650605501463,0.04950723617900616,0.033052903587110716,0.028654584921591557
30317,0.7406114985683501,0.1210067111452864,0.013913269782190197,0.011123361591294558,0.06020401247879997,0.04129280018627427,0.004677216244847921,0.0071711300029567385
30318,0.04135516858828205,0.5595902435237196,0.018331613091509314,0.010776430330023382,0.013851937752243413,0.2880351070710707,0.05544043282619281,0.012619066816958832
30319,0.014856066655053138,0.03412168297054196,0.3519958192083536,0.36489450605504825,0.005470929454758115,0.0106131973646267,0.05995721139267637,0.15809058689894195
30320,0.2165355022711178,0.5218110223539326,0.031083013225610433,0.033052999229673405,0.027178397292515893,0.14022636199496363,0.015121598521759216,0.01499110511042696
30321,0.5953071937824661,0.13685299556719246,0.08078528797495049,0.025138373784442808,0.04708846433433594,0.07581625437815027,0.019974045714731662,0.01903738446373035
30324,0.675065941743357,0.16491905587579345,0.019477711440500797,0.02029126165966406,0.019903680960968253,0.07631549002204743,0.011602301105188487,0.012424557192480487
30325,0.09574846722761128,0.04937537286537829,0.1185997158277883,0.393803233844916,0.016003027290867018,0.04688932962781156,0.039652563813812644,0.23992828950181475
30328,0.5924593800693505,0.1606262231705005,0.07931046246207936,0.031782040561669146,0.047469395014344176,0.04792667061885879,0.021872418685293375,0.01855340941790411
30330,0.04609850280839022,0.14169651970371946,0.2811143038730618,0.03542555169566174,0.01097551621029095,0.048360704795068536,0.31122220026676967,0.1251067006470375
30332,0.40908648260514185,0.15087676853914953,0.02598957342262106,0.0197029865524253,0.21918526932665816,0.14675088758138705,0.015402151230488697,0.013005880742128505
30333,0.7446123989600129,0.08584480296094707,0.026070228157099955,0.02501092171594931,0.020921826364568033,0.080057260085775,0.008536207478000237,0.008946354277647728
30334,0.6801930259395446,0.11231095462108537,0.07615839407440138,0.020738238436279047,0.03916505214177275,0.03274752382355027,0.018730372543021442,0.019956438420345113
