ID,F20,F30,F40,F50,M20,M30,M40,M50
30001,0.22102357056445596,0.08976206588858752,0.12303083565448465,0.07299215498165752,0.029841345889330743,0.3347452678844043,0.016608390200216604,0.11199636893686275
30002,0.0007148600115516146,0.05685275408189035,0.5895965026323213,0.0014994125244727854,0.0006057010204802346,0.004106050694350927,0.3362725459056141,0.01035217312931881
30003,0.9500187318765613,0.03384087665584746,0.008399300057623325,0.000763563465122421,0.0030598146489528846,0.002218614981542307,0.00036182244390598156,0.0013372758704443385
30005,0.5539214554419669,0.26186561921559337,0.02303098137290776,0.022013653350505744,0.01679560675361882,0.09664171814090937,0.01194169635860324,0.013789269365894823
30007,0.9600072785228926,0.023335732595003184,0.0027736474733139936,0.0016633198446448817,0.002559518901384589,0.0021080141009037876,0.00018541566293495902,0.0073670728989218785
30008,0.5153355560226923,0.30664150800856893,0.019365276815341708,0.006113031404512445,0.050691773174459005,0.09301213476807296,0.003590284864099861,0.005250434942252712
30009,0.407974806208498,0.2936231149270483,0.11262772816477251,0.01771509562847211,0.009585530077956903,0.021288639255415968,0.04800583351334404,0.08917925222449226
30010,0.831267512867024,0.10855577953018652,0.0349385979864621,0.004611659009320668,0.015791745263895714,0.0017719526278123987,0.0009579952411885198,0.002104757474110291
30011,0.1357450276344065,0.41333787082764384,0.002614936982738009,0.0022345536969360967,0.05733856538248025,0.3768676006446577,0.004856540698984941,0.0070049041321524706
30013,0.40282434899874864,0.37998191161634504,0.0225605629552516,0.013128052421031627,0.04838217744830234,0.12724391697785212,0.0019084709291872898,0.003970558653281494
30014,0.9123402559707698,0.032644931709678596,0.007398769171927497,0.00613925880589104,0.03222382503794436,0.006276046443870059,0.00047628784786830116,0.0025006250120502022
30015,0.7650319324360961,0.13357413247239364,0.02532031684594937,0.0031922594367996457,0.005921748653251074,0.03225943913229374,0.01621874928814905,0.018481421735067227
30016,0.001101117528727317,0.019995824514089808,0.13498370064056084,0.3436210715882595,0.0006200759683170065,0.004616846273455634,0.04824290372550033,0.4468184597610897
30021,0.05493178844496196,0.22838877492353685,0.3243049274027988,0.1346191451200475,0.014705184159888028,0.07655146632913765,0.06101761714595964,0.1054810964736695
30022,0.015993757088727214,0.11769043232259574,0.31338159427266127,0.4254021840130608,0.006314675257351634,0.017965821124820293,0.006600950727557707,0.09665058519322546
30024,0.16417429237945053,0.19406121819568328,0.09555005120096473,0.028516973197539992,0.0856238898511275,0.28252436127996006,0.09019668580867579,0.059352528086598015
30025,0.003667080827797436,0.01837955950990834,0.35907428366190414,0.20095443695112927,0.0005754828287316591,0.00484299112873966,0.10522673369079351,0.307279431400996
30026,0.03690555332897356,0.334027837538523,0.0007422405119797377,0.0011496518447695566,0.0020288244813319225,0.6236978516552032,0.001211475477906416,0.00023656516131255272
30031,0.0050920358575254595,0.008381237980382072,0.32146309875737383,0.37837233270924764,0.002064331391621187,0.0011336060357049907,0.09487630268962029,0.1886170545785246
30032,0.0009491890998461569,0.14315401859163704,0.6672801407480734,0.03772313448587174,0.00016420810461017919,0.007467526433399054,0.0836952698357291,0.05956651270083343
30033,0.011972736500219468,0.14633902403707513,0.20221426461174252,0.11179777369596208,0.006319843327756817,0.13795435117877422,0.2654316602781173,0.11797034637035245
30034,0.2829604624545031,0.2842601211851678,0.0018025907551154085,0.008430322236329751,0.0614885397554273,0.3600732297036475,0.000554873401035828,0.0004298605087733672
30035,0.035014236641812566,0.3468361476828191,0.13171331415192633,0.007801052161510495,0.0050275931577901094,0.27890518418708565,0.1309081784724362,0.06379429354461943
30036,0.4391230162041965,0.20872368812327427,0.2250041658459126,0.019927270740362924,0.04521018078139253,0.03460055190705577,0.01614786773639339,0.011263258661412126
30037,0.1536185977827823,0.2605308098919941,0.2046393215667189,0.023344300806568286,0.032195628899645785,0.20261248640872062,0.1118216754816077,0.011237179161962083
30039,0.5359173872014537,0.21511761820795006,0.004630984124011102,0.0021523960301909665,0.036026400443601926,0.20211644401352455,0.0014515587724892758,0.002587211206778371
30040,0.6417528061817462,0.2523870196995875,0.03937636171627992,0.023615696744439953,0.012819860430965618,0.021282369562189637,0.002516913463222765,0.006248972201568263
30041,0.028472005310547305,0.27708740548789196,0.257183318812858,0.07560412707399042,0.004457656829046396,0.04799257606039353,0.2770392350821501,0.03216367534312237
30042,0.4179206053138242,0.3993967383961951,0.01699798675605071,0.017076745816378143,0.05462704956146092,0.07211677472102769,0.018962949966447165,0.002901149468616206
30043,0.49638093699014235,0.15101299859055783,0.02470293486846484,0.0969651633372872,0.028859380043969148,0.08105312374977128,0.004195114832334241,0.11683034758747317
30045,0.5697529373815488,0.34338317782819494,0.020873455520485716,0.016213327256541562,0.010257046083437504,0.02542701604531174,0.0008357150137981561,0.013257324870681637
30047,0.002284039828788007,0.6097470765420188,0.1694508482664512,0.0036913957197431515,0.00046626473734938915,0.06837706073179943,0.14010933289477692,0.005873981279073163
30048,0.05550874822866866,0.5188486435512537,0.004764125818672006,0.0010055431414196117,0.0022575363959945536,0.41027643064755415,0.005866705127345525,0.0014722670890918968
30050,0.01879852029963351,0.40942169134869366,0.15968041053923332,0.005776352136635985,0.008204287716547354,0.27568496756430244,0.11562607337152175,0.006807697023431935
30051,0.5054815359176884,0.07215612297595464,0.09948323324231673,0.12024083167916315,0.007587874441394199,0.014357868036445695,0.006482350593853849,0.17421018311318326
30053,0.5652960270826125,0.10366096317898037,0.012220655140941212,0.011731125586949482,0.13749486304842098,0.1542216668003334,0.0029568372232985553,0.01241786193846351
30054,0.17633508784149046,0.48474253072687934,0.004156385225640807,0.0011151911844049832,0.007547986836410664,0.3102325977450873,0.011031610903616745,0.004838609536469683
30055,0.2640167758318494,0.5032692336095691,0.0005945612331140519,0.0005304684170852303,0.0303832465013155,0.19869669438188972,0.0015778028146215379,0.0009312172105555565
30057,0.17210726650966549,0.32445158616723335,0.10059430753547073,0.07702498953497168,0.019224193322804613,0.06360340722721136,0.011908313720531765,0.2310859359821111
30058,0.03070048296324231,0.05297219041452147,0.35038994525704836,0.09234428584884354,0.0005801487200190502,0.0070360744390384035,0.3694257551764541,0.09655111718083288
30060,0.5829057504124514,0.295437105333572,0.009145206619174518,0.0006497019784448966,0.030159277899529758,0.07557288125724938,0.0035264664131588364,0.002603610086419101
30061,0.32896300381385113,0.25792156086357726,0.1703621241049908,0.10499375861471318,0.02317056758955334,0.039434575698588735,0.046180448402041455,0.028973960912684067
30062,0.05179680755481529,0.150953431243081,0.008958985696312866,0.3832175972497071,0.005811865729378561,0.03504140276356576,0.012727162173680199,0.35149274758945914
30063,0.8588802829691464,0.01915145177561305,0.0019569268787552954,0.0009072796436075908,0.0651019696800186,0.04500833707990599,0.0012000931237684323,0.0077936588491846325
30064,0.11329594557066835,0.2341088490385597,0.32452869090951386,0.03383880020519987,0.015790416044799197,0.09378525434925725,0.08627529591909094,0.09837674796291089
30065,0.37801947780250683,0.12618782281088087,0.18990241776984054,0.09834427648798999,0.014839289475537006,0.1521568427329377,0.012940974884428386,0.027608898035878734
30066,0.3469911065541839,0.10798857957169483,0.3917966793327979,0.01625247340469406,0.0139946857326627,0.023033720552847334,0.09119396343014087,0.008748791420978425
30068,0.496922982482022,0.1505848333492903,0.008233683335741374,0.0028284108210831537,0.09188470977858108,0.22066388106817975,0.021642406514562028,0.007239092650540369
30070,0.06199864193123531,0.15651462476640265,0.17502482811328973,0.24297158534547605,0.0008865374878243111,0.05598417907145083,0.04911091382507098,0.2575086894592502
30071,0.7751295364832643,0.07484544410638264,0.0008674268149029374,0.0026087713823021593,0.1053769694492134,0.033497286834143034,0.004961357197339749,0.0027132077324519156
30072,0.3393947741640801,0.14821385421430275,0.0033931083357774507,0.00918022225714418,0.1277305178763328,0.3659552131342907,0.002329921878075637,0.0038023881399964756
30074,0.9421769214172728,0.03221353896120235,0.004323524321236245,0.012507925550172454,0.0035205623744018508,0.0026603764654466403,0.00018038203637214196,0.0024167688738953655
30075,0.07731793017582281,0.326342963334251,0.11293410672521384,0.006202082236551886,0.021185866913820423,0.35052871866337604,0.09770165830646231,0.007786673644501725
30077,0.0425001117986545,0.34371583203030154,0.22556371277144957,0.04079808343287134,0.003995869500372419,0.11990633543968848,0.16987266295341308,0.05364739207324897
30079,0.0050810135139082915,0.026615333077674108,0.6058298057626442,0.08181344020872541,0.0010827745759600872,0.0015738193367425104,0.1098899114547202,0.16811390206962537
30081,0.25812805393358446,0.1705424520956073,0.20533793031642816,0.1695927423779996,0.015289829645960552,0.01854150075798684,0.021790395729549484,0.14077709514288367
30082,0.31963067049495425,0.27973201614030846,0.16042885982232047,0.061489166522768035,0.024312817579488624,0.06357136982297848,0.06677793450310739,0.024057165114074255
30083,0.2558582425415413,0.24650311974623862,0.10289015885481544,0.11483650198986953,0.03370115538229838,0.12161180762494622,0.04311174463914942,0.08148726922114102
30084,0.8259313404106166,0.07457526552113665,0.016144196093091243,0.01428028677786353,0.0273618273191146,0.024691184890035935,0.0025859290130171102,0.014429969975124074
30085,0.004265053291969896,0.06505726931626336,0.2755250167295471,0.47649111653588233,0.0012499738004158121,0.0026127507900289178,0.058104710155383654,0.11669410938050888
30088,0.385492095692687,0.2758652484933071,0.09877696680882832,0.0284782305629108,0.06791334645875932,0.11260210324294388,0.018671941391995038,0.012200067348568613
30089,0.8975730732667285,0.058216195563176414,0.006044112916290165,0.009980268815686926,0.005878629289694972,0.010536390770345275,0.0005944321193375349,0.01117689725874032
30090,0.7789753280612776,0.1402839196182897,0.012114236666638238,0.03372345046117369,0.009742607012478336,0.015948991268054876,0.0009907745301348555,0.008220692381952758
30091,0.035238235125892636,0.8183915692658665,0.030196843226452788,0.003003067208840976,0.0010010446602563305,0.08983614353304531,0.021412575871909863,0.0009205211077357827
30092,0.430037537082325,0.12201129626738538,0.0025393342069553724,0.0006669478966829472,0.12151293868059117,0.3228234490102672,0.00017694676871664867,0.00023155008707637686
30093,0.8729781492755226,0.04503121378493079,0.010838493081067926,0.0248073773787591,0.025079479025274624,0.010897416286573381,0.001076436696161476,0.009291434471710016
30094,0.71514455495892,0.09754536389896509,0.022755368920764293,0.011462119213166066,0.09057209522353316,0.05224298723180927,0.006075902457757594,0.004201608095084462
30098,0.8608487480565126,0.04245201886964421,0.012615056561811475,0.00803817861808573,0.03816361147619811,0.033563086145716826,0.00040540482632221985,0.00391389544570898
30099,0.35968103455242667,0.32943967034717314,0.005959504786844655,0.0013330710187770415,0.007448253378252976,0.2894079945616875,0.00454693001802145,0.002183541336816676
30100,0.7716033251097821,0.09620452458660035,0.026781721532629057,0.010225837597226457,0.03063664592596151,0.05243776281741857,0.000733606804097082,0.011376575626284878
30101,0.1580354554955565,0.4423593332469778,0.03765013141613991,0.0066154418976388085,0.010951920996577083,0.28148656842934905,0.060317427738576075,0.0025837207791849955
30103,0.8209956477500531,0.09327259656427192,0.01124830047688331,0.008568940635826389,0.032711399236035776,0.023310131687005072,0.0024969267936422,0.007396056856282592
30104,0.5225763051070903,0.09019172216802558,0.026705541179371736,0.15146674945453706,0.03417257472313221,0.10090502931988217,0.0031807569411023352,0.0708013211068585
30105,0.026155511652610885,0.35368909550104055,0.3796785308716435,0.013365661778307999,0.0007092104662803355,0.04022004052441743,0.07676850347758278,0.10941344572811652
30106,0.4701582386131497,0.3878062906619597,0.016048240203854747,0.00344963710065646,0.023884484633371415,0.0818733432897098,0.0006213416119815329,0.016158423885316568
30108,0.12340725271607318,0.18568446244589903,0.30288666771129513,0.07024207177815875,0.031141790059187265,0.10668866401117776,0.08411989739907047,0.09582919387913824
30110,0.012084999639696585,0.1187815467815346,0.1348901066152393,0.32059840749410135,0.0037843188546679107,0.009451045461017223,0.02749422642811242,0.37291534872563065
30111,0.40783135652131025,0.2929132077793013,0.0910491865861756,0.032034364716041555,0.028623541823384526,0.06789427528418693,0.03512654661799895,0.04452752067160086
30112,0.502191677882773,0.3378307869809635,0.03018836193926476,0.022278598985503623,0.01851965728891879,0.06890945492820823,0.015103736677610094,0.004977725316757913
30113,0.8475714038078194,0.13288427917808232,0.003839235401246542,0.0008882052399249727,0.005569573848470087,0.008710842019432495,0.00042555421588265157,0.00011090628914160211
30114,0.9534830253032149,0.030885896915078995,0.0069261675781278524,0.004521936903798488,0.0020563013500258386,0.0007605149938450179,0.0004869680110992177,0.0008791889448095218
30115,0.582960995766478,0.19785656739128446,0.02954208535540944,0.004690444352683463,0.02402254138442642,0.1558618745898571,0.0021178507193729316,0.0029476404404883217
30116,0.06225577034445596,0.1839374675751137,0.3317612511788925,0.18282556908339054,0.0031086028138129678,0.04918142309049487,0.07892469444183119,0.10800522147200822
30117,0.3430240333880792,0.5277715481008618,0.018836001121041814,0.024684767638097255,0.01875988226420002,0.05970346361492109,0.005306458666597159,0.001913845206201688
30118,0.26170053304597446,0.18267159233915564,0.005109976321588871,0.007006961454986394,0.07492264879160787,0.4465647965534257,0.00798538002356432,0.014038111469696668
30119,0.1939902764060585,0.132726437852079,0.003775719204047158,0.0013090610447262494,0.03718414199098294,0.5197692204771406,0.10883817580998699,0.0024069672149785197
30121,0.2460798159964973,0.31579644708027105,0.06713510123244529,0.1343628453633792,0.009950000340021725,0.1169009369206626,0.04745025468586432,0.06232459838085858
30122,0.023633650588988073,0.6632760987245792,0.05291616291821948,0.0008281238003193684,0.00023448465028323893,0.21614522406046577,0.04247803318150905,0.0004882220756358092
30123,0.6091042682363623,0.1892815729812144,0.008747316837101166,0.006642076418941499,0.08837290608480461,0.09254958321114481,0.0005836105784590498,0.0047186656519721485
30125,0.8912536114339834,0.03679161166646116,0.006138073281752377,0.0060691142738855675,0.043309785307756934,0.01256916018300185,0.000626390068225071,0.0032422537849337327
30128,0.3444986481664217,0.13961893863753655,0.12540571983819368,0.09648454541099366,0.07703250583069124,0.1127894328885191,0.05997391715862669,0.044196292069017436
30129,0.5647379788027324,0.14395387374269403,0.12005238035843929,0.0549802371291421,0.06390119430633273,0.013215500718941238,0.024753384633152575,0.014405450308565658
30132,0.46018901842794085,0.173963325413954,0.19314432927109318,0.06736721808818508,0.013202368040703506,0.0581830790902391,0.010642280144369808,0.023308381523514672
30133,0.6928833477745511,0.14294540258586552,0.10071383090691002,0.009997634425566348,0.006361172020687293,0.023058762236156414,0.0032131219383078947,0.020826728111955496
30135,0.027346071271215144,0.6137611276613008,0.09003788793512978,0.004130213409559973,0.00033982771963411734,0.2066605493427162,0.05685485070488273,0.0008694719555613739
30136,0.5095324520983364,0.3100180403768829,0.03140852566713197,0.019925114499034075,0.025198166423658713,0.06539394014097658,0.020717401209125758,0.01780635958485369
30138,0.2425122649072586,0.2359504999250662,0.014431080490547041,0.007439838688677042,0.21076970065756068,0.23406071729833935,0.04518307774469236,0.009652820287858764
30139,0.27105240866221597,0.5388345148995255,0.021243976072462763,0.019417952913047338,0.005707151534624236,0.1390415854958956,0.0022963924229027627,0.0024060179993258156
30140,0.6660630513188714,0.11071522656394855,0.028097280690390598,0.0046546258729017465,0.09689039308323248,0.06683371006727626,0.02411444585931632,0.002631266544062611
30141,0.03259096420696873,0.25666517912825026,0.01806853293803977,0.13346063582219955,0.011577734245916358,0.40619924475400315,0.02076919852141522,0.12066851038320679
30143,0.14696761058446853,0.09584507264892526,0.5768414104022052,0.028736733311340794,0.0003994317183445828,0.0013805303582857436,0.04310485326277629,0.1067243577136536
30144,0.015502764879041914,0.7636170882434816,0.007069926740229446,0.0007420675342916599,0.001208755357422659,0.20677770169455767,0.004349183349637027,0.0007325122013379344
30147,0.5337655349855842,0.1992733219836713,0.013927403089290613,0.014551318708978085,0.12958322520567905,0.07812581357319706,0.020674625091593464,0.010098757362006166
30149,0.2349111397749327,0.17643626454269612,0.03482111043349131,0.0366248745340572,0.20904728398894587,0.26273228111679026,0.03069679141844092,0.01473025419064544
30151,0.6959017150903916,0.21528646192304546,0.0043305221947993675,0.027903330895197243,0.013869365778837593,0.026854536767079874,0.0003477542449525371,0.015506313105696301
30152,0.0025354853928268783,0.5644610289023333,0.10215472026793622,0.0014700797203929998,0.0008265257547986839,0.2625969121089623,0.06544107754532297,0.0005141703074267023
30153,0.22465487432178394,0.5941594565319331,0.028896419932428797,0.018147134484855845,0.006885791058550289,0.09838617563788021,0.021827044087090467,0.007043103945477272
30154,0.03094780547538991,0.3811000814499957,0.18246410667458018,0.22581608830997846,0.0012149821316871487,0.07788164424249809,0.028969422069604314,0.07160586964626625
30155,0.7456417636071776,0.16994057547331035,0.001097181548107106,0.004620090966634085,0.03427861918590085,0.03870124601693273,0.0007122318206565602,0.005008291381280868
30156,0.00115570510593664,0.005287578530150852,0.1912905650574528,0.20270309795928648,0.0006418206457928442,0.003173709962446156,0.27340209621938116,0.32234542651955306
30157,0.32510120550992955,0.2623033920689792,0.0832962597193197,0.13987650031079688,0.03865820974414107,0.10191596443322612,0.011723773358469407,0.037124694855138134
30158,0.36550265406988003,0.12527986179436723,0.00435215760714668,0.008080733702705623,0.10682763492943372,0.38501570102544647,0.0023171574498919542,0.0026240994211282204
30159,0.4333679178288939,0.33934263282712795,0.0412031347850033,0.03853341887221269,0.029503408467192033,0.09153109542812965,0.014064289439878442,0.012454102351561917
30160,0.2340291422581308,0.1989779628354573,0.01974045660324729,0.005559493027157503,0.11168207982700902,0.20579098930977538,0.20842078864023006,0.015799087498992587
30161,0.6036345407654461,0.3159806847837737,0.02505438241356875,0.021874506608930696,0.0038605223460110864,0.018382330886710985,0.0009857373621886569,0.010227294833370053
30162,0.3076576172864204,0.4515666394393164,0.048624646972973785,0.01846682908440353,0.01580097726518932,0.13977741134534924,0.012425298119147743,0.005680580487199654
30163,0.6038046397052498,0.19532866570688312,0.053430123853053554,0.08745936721467543,0.00953961681115447,0.03864357868140775,0.002744651970280356,0.009049356057295713
30164,0.4999243437117882,0.31548080537056516,0.008966999018281185,0.03977519918994524,0.06073739727079517,0.04975475164526946,0.0009906225573116172,0.024369881236044104
30165,0.14448106248541673,0.15260538197998832,0.09827485695026454,0.013154865655342704,0.2293112324521366,0.30568549252211846,0.05140742364765036,0.005079684307082129
30167,0.7252319477696705,0.11338514862344411,0.03689073288339149,0.04334439100545977,0.016487301714142644,0.049095133823129605,0.0038721020915605583,0.011693242089201208
30168,0.3459108544618651,0.485638000383136,0.022285378636180134,0.003807984098895259,0.0012266417697377032,0.13825034976912204,0.0011307080175609592,0.0017500828635027637
30169,0.0020280885440652897,0.01613820199447919,0.15151508741741818,0.4647993808710435,0.0007114219512941442,0.0066522998961949555,0.031205398033160792,0.3269501212923439
30170,0.6349408156433448,0.12645347195490714,0.02951815680868914,0.029022837060270545,0.07202496274265709,0.0684903168374099,0.0013329962722760664,0.03821644268044545
30171,0.7580600320347534,0.14668748123168568,0.03636967077272622,0.02184974656230183,0.0036931314927567396,0.01219427766328327,0.0010692753129689116,0.02007638492952429
30172,0.1387998153020709,0.282373675597649,0.3003108345208933,0.06724140232668996,0.016245866201208745,0.0867027906854391,0.04543495386295795,0.06289066150309099
30174,0.5183190240021207,0.05275346016791772,0.09846750372094688,0.09849590420660516,0.0706038177601487,0.022290481503547926,0.026658404426245057,0.11241140421246797
30175,0.025836606098806284,0.14676949657375796,0.5302779215420513,0.07546757479036312,0.0033001333647808273,0.01427913662642222,0.1529279424741794,0.051141188529639045
30176,0.6772444362305754,0.18986812330649258,0.015667155916340658,0.004182958971583494,0.04877803761197845,0.057436847857201344,0.0024565238848474136,0.00436591622098074
30177,0.8859930030463554,0.08229747521006786,0.0037146769811325048,0.0023619767771733136,0.005861109954040364,0.011819505364074554,0.0005995997160275604,0.0073526529511285625
30179,0.06754582393323291,0.49695906701411485,0.21773183798958476,0.07299253449014234,0.012178658212014323,0.05727258321991742,0.03100409233405192,0.044315402806941455
30180,0.7776015483835964,0.07727703293096355,0.015486052242485357,0.014628133690508867,0.052280817542862915,0.04738696000156091,0.002548701896550192,0.012790753311471814
30181,0.4996807860545041,0.25826795803677316,0.05511063436476433,0.07736188098665309,0.037226605898236086,0.045952154638950735,0.01468768347691479,0.011712296543203587
30182,0.06167799663372006,0.04446488888556394,0.08826695192422643,0.007595424502274118,0.19645647728094048,0.21283327652349182,0.3820899348715524,0.006615049378230763
30183,0.3586196088281936,0.2016850911389004,0.10138209860211146,0.12919222996311105,0.032009418208695295,0.08889296917857477,0.017699394459126303,0.07051918962128695
30185,0.47466672350455724,0.22309678524735332,0.017710661696723466,0.10291710455002774,0.07803562662494727,0.08281916702771,0.00861000079042281,0.012143930558258175
30186,0.048689719287985544,0.321203976084904,0.004669798087925543,0.09703465888252905,0.05817102041120073,0.35811439553974633,0.09000226233591441,0.02211416936979441
30188,0.00046250708351238193,0.026343653674440727,0.49932172945261444,0.07771268972762235,0.00040710611549768007,0.0006193753402742445,0.09206328438711447,0.3030696542189237
30190,0.2585935399506669,0.16657819505714483,0.009392819826979761,0.0041956064474534165,0.3198870705721426,0.21081730174306704,0.022894552413036055,0.007640913989509472
30191,0.5641304746582699,0.17009665890098696,0.10053495785662622,0.03047487558914882,0.015234037519627094,0.05611651521512525,0.028633076251083436,0.0347794040091322
30192,0.45431345447941746,0.2398988370682157,0.04613805805793905,0.0492949862258242,0.019721844840600432,0.14024750944983674,0.00828988133375486,0.042095428544411485
30193,0.8823341537362572,0.10922729309514877,0.0010219663062992846,0.0007112101770112383,0.0007570165460608848,0.004717397096933445,0.0012003964244605779,3.056661782861512e-05
30196,0.2208359309473458,0.5763811854851613,0.0503053923122323,0.01976995879896389,0.0030615812053522437,0.11231315152050954,0.011511019987641556,0.005821779742793163
30197,0.70036082922018,0.19261255601543056,0.004079500183308963,0.013968496137526336,0.037862687166891784,0.040914927663717446,0.004406461512710395,0.0057945421002346
30199,0.34814263927068695,0.4683268765237044,0.011088712093563918,0.0008968116908677784,0.02237929814767527,0.14452052563936263,0.0012987378972343184,0.003346398736904701
30201,0.349427063943682,0.2014728508832543,0.04080764912416988,0.2154665319246601,0.016144016130930913,0.06434697192385296,0.021856035613353593,0.09047888045609633
30204,0.7355147297138942,0.17425035520640103,0.021305051264495528,0.03423778565490991,0.008367907634036139,0.01792391330376225,0.0004376556612911048,0.007962601561209858
30206,0.5694179016419724,0.10173680203352857,0.06172121009057636,0.03457802291170542,0.13321975311102482,0.08821947824695618,0.0006850899365781417,0.010421742027658016
30207,0.10986953952958799,0.6090562346975807,0.027398005037620295,0.02691565606589417,0.005176786464987865,0.20062968917260543,0.01952115484623997,0.0014329341854833948
30210,0.3876571189545756,0.17594853838339794,0.10781285999455915,0.17869578659145643,0.027384039293108238,0.080768507599094,0.01370704756058059,0.028026101623228026
30211,0.39696830545670647,0.21766137386154513,0.0019998662193037816,0.001651844742063986,0.07197728127744812,0.301794410322351,0.007675629810024993,0.000271288310556574
30213,0.1458391550166778,0.39525670291897214,0.08605870692888469,0.006591511540886033,0.039341365589806256,0.20020976420479325,0.08691185962117498,0.03979093417880467
30214,0.06819528488796894,0.05697570287246261,0.08743816781182162,0.005383738844593116,0.06946574482421483,0.1764317832190889,0.22249365112769878,0.31361592641215125
30215,0.24620051432047338,0.11538102423997536,0.27036510793926755,0.14051136354991814,0.0035212092843338867,0.017487126974372765,0.09319111268035028,0.11334254101130863
30216,0.3458976553128788,0.23140650147214648,0.06348009282296324,0.04482630303136471,0.05484491527792778,0.2122065758105625,0.03884944580167842,0.008488510470478227
30218,0.06766008216794585,0.05782133774564076,0.5689480603210457,0.02492393231740584,0.002544198198478635,0.004168501072342758,0.08497905616747203,0.18895483200966837
30223,0.038356282004309496,0.5217401306831853,0.003157220234646149,0.0009319287257093403,0.0016944482861234488,0.42669762298720054,0.006388648111840938,0.0010337189669848955
30225,0.3721296006559003,0.2849382343380733,0.045215929906688136,0.16294319119461292,0.01958726618918041,0.06571409087104213,0.012910282902812396,0.03656140394169051
30227,0.7295280703746497,0.15723509833621174,0.025564519986798897,0.03488103456570236,0.018312818499424854,0.023700231026165204,0.0021003151012082637,0.008677912109839018
30228,0.8725886773395232,0.09885875361640913,0.001136470883589316,0.0007745855267210259,0.010754327288500981,0.013587774532228992,0.0005190966526447947,0.0017803141603822046
30229,0.0009568243079867982,0.026586480068787357,0.43217453284222745,0.011331594514672257,0.000397119813084172,0.003995004277923311,0.22164228749750767,0.302916156677811
30230,0.582119540543377,0.2552385102824534,0.03955814275429561,0.023540255250892116,0.02335423768866765,0.043044201599405175,0.009097254199752457,0.02404785768115661
30231,0.6732973969493955,0.20290491104188993,0.020016000678275615,0.007250056200636462,0.04767036707397849,0.03852369147311749,0.0019304162795696358,0.008407160303136823
30232,0.9953374617249209,0.004296564169507595,0.00019296288240456158,7.178130921199527e-05,9.979136144392955e-06,4.168813920479349e-05,3.433292317575349e-05,1.5229715430136362e-05
30234,0.20013917740615578,0.6901941155113953,0.0263528689034439,0.004078786582273862,0.0010508095098257719,0.06541498862696338,0.010120971121844114,0.002648282338097927
30235,0.0975150609821105,0.06101004683712133,0.14924985683728556,0.023964885572078876,0.029824630475533118,0.037183054242750195,0.04485850828359743,0.5563939567695229
30238,0.4052560397572559,0.41669095372808235,0.03771565718458776,0.024785713078765828,0.013111113989728876,0.08364838824986867,0.005553593916818055,0.013238540094892729
30239,0.3319634663063479,0.22987480179284114,0.10148892557033097,0.02106210243631682,0.07294106799230286,0.19077132605428665,0.04152933107468661,0.010368978772887094
30240,0.04278069245826354,0.3076283038847038,0.004463814293469849,0.0009157893665559595,0.033632994870444924,0.4113162598923631,0.18862520443019337,0.010636940804005351
30241,0.4843564043063752,0.0845915035908968,0.11473189299213564,0.06453994064278668,0.022546806726923888,0.011931683998691545,0.008733329247668122,0.2085684384945219
30243,0.0035348916923347035,0.02594929953546933,0.8410325926877318,0.013880240675677582,0.00020231659894610836,0.0017741511288819924,0.09570332642398038,0.017923181256978282
30244,0.7911031224001176,0.1063059995028544,0.010193997066683733,0.032775595079895484,0.015777157956247366,0.024519067688752727,0.006361139561779141,0.012963920743669591
30245,0.8532836796918098,0.14402962574117717,0.0008606879612064312,0.00021495082110194256,5.557364030634046e-05,0.0013197985168264138,0.00017551259368828919,6.0171033883345786e-05
30247,0.1298021471039326,0.43811468025130035,0.0010402505148255185,0.000854238344667989,0.05002940123730877,0.3796602287375351,0.00041468125064665065,8.437255978290525e-05
30248,0.8397297951602979,0.11425480470103631,0.005693275458866904,0.015193846052255672,0.002035144531795814,0.00337029305434181,0.0003065090858470855,0.019416331955558714
30249,0.003378835178290244,0.039211080975253006,0.2554158870639539,0.13757458215612423,0.0027071347684774656,0.010880462928061442,0.1919225036321235,0.3589095132977163
30250,0.06099391689844481,0.5460897233663208,0.01227148739224575,0.0017126176331834064,0.000749334877766497,0.3332477363382455,0.043454174506527395,0.0014810089872660324
30251,0.39419107006800685,0.3549254332314611,0.10699723528086634,0.031781908100304415,0.008950583374974503,0.0367270047100707,0.027385560249966776,0.03904120498434906
30253,0.15556517348822171,0.2902186884708802,0.30543786978224,0.016267524180485823,0.012457395472577296,0.07183774466089896,0.10582627075906753,0.04238933318562847
30255,0.006444574841281058,0.012339817699619117,0.1859010770921234,0.300718444439101,0.0009436644802163373,0.05061885221430109,0.048819425315507495,0.3942141439178505
30258,0.5011606603709702,0.3545529686817893,0.04354404248872173,0.03134840247906859,0.0034447638285074614,0.04056773521131316,0.0088142264819385,0.016567200457691042
30260,0.0008535442066257501,0.011005386616528886,0.15779076162079123,0.5441540099787632,0.0010177690140062204,0.007392265578914233,0.08990930894324241,0.18787695404112806
30262,0.44636246423633524,0.20217473414743856,0.06992532977075358,0.011173418413210724,0.0780335741594961,0.17325731551231144,0.015531734032874462,0.0035414297275800674
30263,0.39903982167419455,0.2630981512963888,0.03659574655318594,0.09490781792917681,0.06359997364293368,0.10818605273242782,0.005183477231025114,0.029388958940667294
30264,0.005254798363233817,0.3471678500648898,0.13134000224377498,0.026061505291331655,0.0024548689559010244,0.12916168302355516,0.29776811952020943,0.060791172537104116
30265,0.047275064190493044,0.40575859621724303,0.34211683221169725,0.02108254742777513,0.007204283823584261,0.06161427751639749,0.0892656775680292,0.025682721044780445
30266,0.36581186133316207,0.3023332728080526,0.025403992556688803,0.04286074317259132,0.1135036997078378,0.1324483409103845,0.0103462917062062,0.007291797805076813
30268,0.8685284757831194,0.09250768468020942,0.007352384423897942,0.00949876480285381,0.007850521465680134,0.004618308529419615,0.000673734351310397,0.008970125963509271
30269,0.8133484393444114,0.08589176922330705,0.025823989920612855,0.01771905707276523,0.019907559840444178,0.024518486880788556,0.0028191206829907764,0.009971577034680207
30270,0.5231303643049187,0.30806020288936814,0.02695095502626227,0.01805974715148334,0.018914784452763178,0.08077722151782912,0.012941681259613569,0.011165043397761948
30271,0.3473071343896996,0.4778175708518625,0.09505200374753324,0.018112013994429348,0.0038918675219532695,0.025371649847242075,0.020565127315272186,0.01188263233200762
30272,0.8375359153660618,0.13863654527421174,0.000736016026348035,0.0007654325505449727,0.0038337977745562376,0.01706594584364892,0.0005775760320362404,0.0008487711325923269
30275,0.08208405383958321,0.2538147631326835,0.27129391229168975,0.16279878943823053,0.0035796456100985,0.08496382210727281,0.08664280543791303,0.054822208142528785
30276,0.508960393144629,0.2835279859219386,0.0865398685725921,0.023621152751895812,0.027009831089186708,0.022956542089168742,0.016904714170439327,0.030479512260149517
30277,0.25348225035563154,0.024330605091462856,0.0051024290015507364,0.010546195709520319,0.45334520189046257,0.25140229554494115,0.0005405843446879009,0.001250438061742976
30278,0.2642528998753155,0.3521839600113216,0.022461360583801562,0.039648955599999244,0.041093502859046394,0.1441888716597409,0.10916331802690077,0.02700713138387423
30279,0.36118633008780265,0.04591040154810484,0.17902008013013287,0.092344150671167,0.0042644640070387905,0.012495286392123805,0.006138801391239265,0.2986404857723908
30280,0.5925880150252516,0.26133667295945406,0.031036429963836903,0.003643853530541712,0.009005040264095878,0.08456945421423465,0.007702173793764184,0.010118360248820988
30281,0.006853776659673467,0.01738665173561707,0.493463961746094,0.034062204538781476,0.003384117653977328,0.005548539110266427,0.15703494702770723,0.28226580152788294
30283,0.7951037217035906,0.17253536474056472,0.005804740784923652,0.0068211572995348,0.004055336789388467,0.004357232997469531,0.0007419681734657044,0.01058047751106253
30284,0.01769136302456311,0.14466261821221377,0.5059955502776148,0.03956795318429497,0.02148714815433266,0.021736035586173045,0.1967959934693931,0.05206333809141467
30285,0.3430385923108214,0.07625220952109472,0.37457250445286233,0.01854328793301206,0.036017980873110186,0.08404491408194956,0.055369311544746516,0.012161199282403262
30286,0.16452506158235833,0.08225079008927738,0.02978052281482978,0.05756760395725136,0.47402987235567456,0.11498084216684067,0.024066399531003698,0.05279890750276422
30287,0.9210703217303502,0.03405394095769922,0.005790018628983054,0.02601233210072547,0.008662724171983539,0.0023074575359412065,0.00020801298119811133,0.0018951918931191753
30288,0.49160156222853935,0.36932252464180093,0.023280774635346228,0.029744753300206473,0.014326054414569767,0.0426629444827691,0.023864289204012047,0.005197097092756072
30289,0.6174950954723262,0.35077978306024377,0.0021997856709298743,0.0008220049525043452,0.008087837189644424,0.01852249508290513,0.0014497472724460617,0.0006432512990001874
30290,0.5764687495132402,0.2488570052974112,0.04868543243426294,0.03241673491228243,0.02385232548886638,0.02658352847571472,0.01562032958000913,0.02751589429821304
30292,0.08960407633671723,0.404381211840896,0.05228800848583816,0.02845161961005308,0.004628441564385597,0.31446218540107496,0.10328000875965802,0.0029044480013767906
30293,0.6136182995885173,0.3159390337533775,0.02544605766236892,0.010002518803881649,0.008607097927429893,0.014694307387217375,0.0012327338559098252,0.010459951021297563
30294,0.07032268193487833,0.2761404888665309,0.23810351770154192,0.15142574282752735,0.008106644150323814,0.058321296707047596,0.07985540150319323,0.11772422630895668
30296,0.5947999378420171,0.05149247332143538,0.1364407244485932,0.059694637242138804,0.07743814414478577,0.028330087098399147,0.01394388657728045,0.03786010932535008
30297,0.08125908105281518,0.05394240694064334,0.000536646910066853,0.0011306235291955672,0.683601529681818,0.17409009516606788,0.001341372201669557,0.0040982445177234665
30298,0.5384948648340191,0.07186665395153538,0.05605188847032783,0.013900844127645957,0.12828871863282476,0.13370683426131486,0.0084015783513484,0.049288617370983716
30300,0.1436487958837746,0.528659777255646,0.0004739458381075804,0.00044995800608836953,0.005109144156966279,0.3134891226432737,0.006855824694947095,0.001313431521196414
30301,0.9615581100799895,0.02394855238774028,0.00016781544442178486,0.0004396417095473153,0.006997400372982906,0.005408047318284086,0.00014216692124560104,0.0013382657657885623
30302,0.002082584676287775,0.3741927328493181,0.24865490454630446,0.10958301576140929,0.0027034917971607017,0.13016533602211133,0.09003305326389235,0.042584881083515956
30303,0.8573091897507906,0.1315606037326553,0.005340989839957912,0.002175291316232673,0.0009734968907201351,0.0012198819264070194,0.0005845568861945417,0.000835989657042101
30306,0.0006398703298265704,0.1071106121898626,0.561768582050179,0.00043206913827690874,9.684472585430149e-05,0.0303369331469142,0.29926078363139724,0.00035430478768917994
30307,0.09934668498818014,0.12201968402933609,0.1955113932870824,0.3160377228458902,0.010402228981712468,0.047782184631639836,0.08626077984436133,0.12263932139179748
30308,0.9111935016456177,0.02154691360988041,0.03511226848281856,0.0056044959293338175,0.016295428277283617,0.005023913036652019,0.0008483442166287096,0.004375134801784901
30309,0.2978857846626811,0.41377817994338933,0.1572583493521264,0.04308608336041253,0.006043972040223095,0.020423969374019867,0.014956705718696414,0.04656695554845113
30310,0.2862989363923288,0.2917893890600815,0.09183275238561918,0.09648730093111858,0.023595740222583997,0.12183702314398756,0.07159714622588971,0.01656171163839078
30311,0.11156915309809445,0.16084963645765019,0.29221561711162486,0.08764769740470876,0.03466080918655553,0.09889706299621197,0.18741779060935362,0.026742233135800573
30312,0.43038416476715957,0.2844606155390778,0.10248615685701785,0.044290735956136466,0.004151611831612844,0.04088238892111272,0.07109919532879043,0.02224513079909218
30313,0.01956489232838877,0.1419615652814194,0.6009671950715066,0.07079180798280885,0.016563350630671093,0.01872620507629966,0.07346444402940397,0.05796053959950152
30314,0.33356792463766366,0.3468809856374074,0.005704615455934656,0.016105852140550922,0.0382032575652314,0.14478281559321485,0.10807120696653234,0.0066833420034646315
30315,0.8960350193576833,0.058986618674695505,0.021776165927456285,0.006313534016942348,0.002691100628512895,0.0033154601882706748,0.001851265607999454,0.009030835598439736
30316,0.6405930580997917,0.1163747030640246,0.06519690817834568,0.015472009212934517,0.026992388762838524,0.12059690389483271,0.007041380930033215,0.007732647857198929
30317,0.6922420614938827,0.17908144901185796,0.00481465741479915,0.00531506279363677,0.0372756996264145,0.07790392025803872,0.00041347037841573243,0.0029536790229545305
30318,0.040627608605475346,0.26963365927269445,0.006111243854053799,0.0030701561995252736,0.0010644306660556623,0.5971151349238946,0.08096579200810268,0.0014119744701981823
30319,0.0017082847210600552,0.010182117373696972,0.2913481817897191,0.5882902884808795,0.0006486707539714018,0.006340172528532012,0.011690895827552917,0.089791388524588
30320,0.36988867992695296,0.34552988136367335,0.0893401200108853,0.022130225030198278,0.02601966452641604,0.1228627182722324,0.02146323745047043,0.0027654734191711636
30321,0.3863989748217108,0.2419089226215334,0.12089960701539043,0.020655597198973384,0.09814810428663999,0.05998700731864281,0.044481973906898224,0.027519812830211036
30324,0.4402486221315845,0.36652910076536416,0.05045611831316691,0.029024633882991133,0.01528171882002493,0.08806138913826103,0.004011061011047644,0.006387355937559607
30325,0.1931253854754299,0.09366630612921416,0.12131579556998655,0.2703209245557272,0.015218578448017725,0.10529149780681189,0.008326191156340685,0.19273532085847186
30328,0.5567300467586225,0.22244168034995482,0.0818681011179731,0.026034313341917262,0.07064127209053356,0.022859604243734052,0.0049565507429728956,0.014468431354291888
